options	menzerath:a_any_VERB_any	menzerath:a_any_VERB_content-phrase	menzerath:a_any_VERB_same	menzerath:a_any_any_any	menzerath:a_any_any_content-phrase	menzerath:a_any_any_same	menzerath:a_any_content_any	menzerath:a_any_content_content-phrase	menzerath:a_any_content_same	menzerath:a_any_nominal_any	menzerath:a_any_nominal_content-phrase	menzerath:a_any_nominal_same	menzerath:a_any_root_any	menzerath:a_any_root_content-phrase	menzerath:a_any_root_same	menzerath:a_left_VERB_any	menzerath:a_left_VERB_content-phrase	menzerath:a_left_VERB_same	menzerath:a_left_any_any	menzerath:a_left_any_content-phrase	menzerath:a_left_any_same	menzerath:a_left_content_any	menzerath:a_left_content_content-phrase	menzerath:a_left_content_same	menzerath:a_left_nominal_any	menzerath:a_left_nominal_content-phrase	menzerath:a_left_nominal_same	menzerath:a_left_root_any	menzerath:a_left_root_content-phrase	menzerath:a_left_root_same	menzerath:a_right_VERB_any	menzerath:a_right_VERB_content-phrase	menzerath:a_right_VERB_same	menzerath:a_right_any_any	menzerath:a_right_any_content-phrase	menzerath:a_right_any_same	menzerath:a_right_content_any	menzerath:a_right_content_content-phrase	menzerath:a_right_content_same	menzerath:a_right_nominal_any	menzerath:a_right_nominal_content-phrase	menzerath:a_right_nominal_same	menzerath:a_right_root_any	menzerath:a_right_root_content-phrase	menzerath:a_right_root_same	menzerath:b_any_VERB_any	menzerath:b_any_VERB_content-phrase	menzerath:b_any_VERB_same	menzerath:b_any_any_any	menzerath:b_any_any_content-phrase	menzerath:b_any_any_same	menzerath:b_any_content_any	menzerath:b_any_content_content-phrase	menzerath:b_any_content_same	menzerath:b_any_nominal_any	menzerath:b_any_nominal_content-phrase	menzerath:b_any_nominal_same	menzerath:b_any_root_any	menzerath:b_any_root_content-phrase	menzerath:b_any_root_same	menzerath:b_left_VERB_any	menzerath:b_left_VERB_content-phrase	menzerath:b_left_VERB_same	menzerath:b_left_any_any	menzerath:b_left_any_content-phrase	menzerath:b_left_any_same	menzerath:b_left_content_any	menzerath:b_left_content_content-phrase	menzerath:b_left_content_same	menzerath:b_left_nominal_any	menzerath:b_left_nominal_content-phrase	menzerath:b_left_nominal_same	menzerath:b_left_root_any	menzerath:b_left_root_content-phrase	menzerath:b_left_root_same	menzerath:b_right_VERB_any	menzerath:b_right_VERB_content-phrase	menzerath:b_right_VERB_same	menzerath:b_right_any_any	menzerath:b_right_any_content-phrase	menzerath:b_right_any_same	menzerath:b_right_content_any	menzerath:b_right_content_content-phrase	menzerath:b_right_content_same	menzerath:b_right_nominal_any	menzerath:b_right_nominal_content-phrase	menzerath:b_right_nominal_same	menzerath:b_right_root_any	menzerath:b_right_root_content-phrase	menzerath:b_right_root_same	menzerath:c_any_VERB_any	menzerath:c_any_VERB_content-phrase	menzerath:c_any_VERB_same	menzerath:c_any_any_any	menzerath:c_any_any_content-phrase	menzerath:c_any_any_same	menzerath:c_any_content_any	menzerath:c_any_content_content-phrase	menzerath:c_any_content_same	menzerath:c_any_nominal_any	menzerath:c_any_nominal_content-phrase	menzerath:c_any_nominal_same	menzerath:c_any_root_any	menzerath:c_any_root_content-phrase	menzerath:c_any_root_same	menzerath:c_left_VERB_any	menzerath:c_left_VERB_content-phrase	menzerath:c_left_VERB_same	menzerath:c_left_any_any	menzerath:c_left_any_content-phrase	menzerath:c_left_any_same	menzerath:c_left_content_any	menzerath:c_left_content_content-phrase	menzerath:c_left_content_same	menzerath:c_left_nominal_any	menzerath:c_left_nominal_content-phrase	menzerath:c_left_nominal_same	menzerath:c_left_root_any	menzerath:c_left_root_content-phrase	menzerath:c_left_root_same	menzerath:c_right_VERB_any	menzerath:c_right_VERB_content-phrase	menzerath:c_right_VERB_same	menzerath:c_right_any_any	menzerath:c_right_any_content-phrase	menzerath:c_right_any_same	menzerath:c_right_content_any	menzerath:c_right_content_content-phrase	menzerath:c_right_content_same	menzerath:c_right_nominal_any	menzerath:c_right_nominal_content-phrase	menzerath:c_right_nominal_same	menzerath:c_right_root_any	menzerath:c_right_root_content-phrase	menzerath:c_right_root_same	menzerath:nb_a_any_VERB_any	menzerath:nb_a_any_VERB_content-phrase	menzerath:nb_a_any_VERB_same	menzerath:nb_a_any_any_any	menzerath:nb_a_any_any_content-phrase	menzerath:nb_a_any_any_same	menzerath:nb_a_any_content_any	menzerath:nb_a_any_content_content-phrase	menzerath:nb_a_any_content_same	menzerath:nb_a_any_nominal_any	menzerath:nb_a_any_nominal_content-phrase	menzerath:nb_a_any_nominal_same	menzerath:nb_a_any_root_any	menzerath:nb_a_any_root_content-phrase	menzerath:nb_a_any_root_same	menzerath:nb_a_left_VERB_any	menzerath:nb_a_left_VERB_content-phrase	menzerath:nb_a_left_VERB_same	menzerath:nb_a_left_any_any	menzerath:nb_a_left_any_content-phrase	menzerath:nb_a_left_any_same	menzerath:nb_a_left_content_any	menzerath:nb_a_left_content_content-phrase	menzerath:nb_a_left_content_same	menzerath:nb_a_left_nominal_any	menzerath:nb_a_left_nominal_content-phrase	menzerath:nb_a_left_nominal_same	menzerath:nb_a_left_root_any	menzerath:nb_a_left_root_content-phrase	menzerath:nb_a_left_root_same	menzerath:nb_a_right_VERB_any	menzerath:nb_a_right_VERB_content-phrase	menzerath:nb_a_right_VERB_same	menzerath:nb_a_right_any_any	menzerath:nb_a_right_any_content-phrase	menzerath:nb_a_right_any_same	menzerath:nb_a_right_content_any	menzerath:nb_a_right_content_content-phrase	menzerath:nb_a_right_content_same	menzerath:nb_a_right_nominal_any	menzerath:nb_a_right_nominal_content-phrase	menzerath:nb_a_right_nominal_same	menzerath:nb_a_right_root_any	menzerath:nb_a_right_root_content-phrase	menzerath:nb_a_right_root_same	menzerath:nb_b_any_VERB_any	menzerath:nb_b_any_VERB_content-phrase	menzerath:nb_b_any_VERB_same	menzerath:nb_b_any_any_any	menzerath:nb_b_any_any_content-phrase	menzerath:nb_b_any_any_same	menzerath:nb_b_any_content_any	menzerath:nb_b_any_content_content-phrase	menzerath:nb_b_any_content_same	menzerath:nb_b_any_nominal_any	menzerath:nb_b_any_nominal_content-phrase	menzerath:nb_b_any_nominal_same	menzerath:nb_b_any_root_any	menzerath:nb_b_any_root_content-phrase	menzerath:nb_b_any_root_same	menzerath:nb_b_left_VERB_any	menzerath:nb_b_left_VERB_content-phrase	menzerath:nb_b_left_VERB_same	menzerath:nb_b_left_any_any	menzerath:nb_b_left_any_content-phrase	menzerath:nb_b_left_any_same	menzerath:nb_b_left_content_any	menzerath:nb_b_left_content_content-phrase	menzerath:nb_b_left_content_same	menzerath:nb_b_left_nominal_any	menzerath:nb_b_left_nominal_content-phrase	menzerath:nb_b_left_nominal_same	menzerath:nb_b_left_root_any	menzerath:nb_b_left_root_content-phrase	menzerath:nb_b_left_root_same	menzerath:nb_b_right_VERB_any	menzerath:nb_b_right_VERB_content-phrase	menzerath:nb_b_right_VERB_same	menzerath:nb_b_right_any_any	menzerath:nb_b_right_any_content-phrase	menzerath:nb_b_right_any_same	menzerath:nb_b_right_content_any	menzerath:nb_b_right_content_content-phrase	menzerath:nb_b_right_content_same	menzerath:nb_b_right_nominal_any	menzerath:nb_b_right_nominal_content-phrase	menzerath:nb_b_right_nominal_same	menzerath:nb_b_right_root_any	menzerath:nb_b_right_root_content-phrase	menzerath:nb_b_right_root_same	menzerath:nb_c_any_VERB_any	menzerath:nb_c_any_VERB_content-phrase	menzerath:nb_c_any_VERB_same	menzerath:nb_c_any_any_any	menzerath:nb_c_any_any_content-phrase	menzerath:nb_c_any_any_same	menzerath:nb_c_any_content_any	menzerath:nb_c_any_content_content-phrase	menzerath:nb_c_any_content_same	menzerath:nb_c_any_nominal_any	menzerath:nb_c_any_nominal_content-phrase	menzerath:nb_c_any_nominal_same	menzerath:nb_c_any_root_any	menzerath:nb_c_any_root_content-phrase	menzerath:nb_c_any_root_same	menzerath:nb_c_left_VERB_any	menzerath:nb_c_left_VERB_content-phrase	menzerath:nb_c_left_VERB_same	menzerath:nb_c_left_any_any	menzerath:nb_c_left_any_content-phrase	menzerath:nb_c_left_any_same	menzerath:nb_c_left_content_any	menzerath:nb_c_left_content_content-phrase	menzerath:nb_c_left_content_same	menzerath:nb_c_left_nominal_any	menzerath:nb_c_left_nominal_content-phrase	menzerath:nb_c_left_nominal_same	menzerath:nb_c_left_root_any	menzerath:nb_c_left_root_content-phrase	menzerath:nb_c_left_root_same	menzerath:nb_c_right_VERB_any	menzerath:nb_c_right_VERB_content-phrase	menzerath:nb_c_right_VERB_same	menzerath:nb_c_right_any_any	menzerath:nb_c_right_any_content-phrase	menzerath:nb_c_right_any_same	menzerath:nb_c_right_content_any	menzerath:nb_c_right_content_content-phrase	menzerath:nb_c_right_content_same	menzerath:nb_c_right_nominal_any	menzerath:nb_c_right_nominal_content-phrase	menzerath:nb_c_right_nominal_same	menzerath:nb_c_right_root_any	menzerath:nb_c_right_root_content-phrase	menzerath:nb_c_right_root_same
menzerath:a_any_VERB_any	0.0	0.6587	0.663	0.3677	0.3992	0.5225	0.3596	0.3965	0.5156	0.7188	0.5376	0.682	0.296	1.034	0.9727	0.4326	0.4976	0.6123	0.616	0.4358	0.842	0.614	0.4329	0.8423	0.9087	0.7896	1.001	0.5615	0.657	0.7227	0.458	0.967	0.952	0.3804	0.641	0.585	0.3862	0.6455	0.592	0.5254	0.708	0.7236	0.7383	1.364	1.279	1.909	3.48	1.983	1.03	2.812	0.824	1.046	2.812	0.861	0.486	2.035	0.585	3.057	4.3	2.996	0.628	1.204	0.9077	0.748	0.932	0.93	0.753	0.938	0.939	0.84	0.7095	0.9688	0.864	1.586	0.9844	3.744	4.684	2.828	2.85	3.62	1.728	2.924	3.617	1.851	2.145	2.895	1.643	4.938	5.883	3.691	1.618	2.906	1.618	0.5063	1.614	0.5063	0.5356	1.607	0.5356	0.3958	0.8857	0.3958	2.904	4.0	2.904	0.545	1.112	0.545	0.705	0.5454	0.705	0.6904	0.54	0.6904	0.8237	0.5815	0.8237	0.898	1.477	0.898	2.875	3.76	2.875	1.552	2.316	1.552	1.609	2.312	1.609	1.038	1.399	1.038	4.72	5.523	4.72	inf	inf	inf	inf	inf	inf	inf	inf	inf	inf	inf	inf	inf	inf	inf	inf	inf	inf	inf	inf	inf	inf	inf	inf	inf	inf	inf	inf	inf	inf	inf	inf	inf	inf	inf	inf	inf	inf	inf	inf	inf	inf	inf	inf	inf	inf	inf	inf	inf	inf	inf	inf	inf	inf	inf	inf	inf	inf	inf	inf	inf	inf	inf	inf	inf	inf	inf	inf	inf	inf	inf	inf	inf	inf	inf	inf	inf	inf	inf	inf	inf	inf	inf	inf	inf	inf	inf	inf	inf	inf	inf	inf	inf	inf	inf	inf	inf	inf	inf	inf	inf	inf	inf	inf	inf	inf	inf	inf	inf	inf	inf	inf	inf	inf	inf	inf	inf	inf	inf	inf	inf	inf	inf	inf	inf	inf	inf	inf	inf	inf	inf	inf	inf	inf	inf
menzerath:a_any_VERB_content-phrase	0.6587	0.0	0.6367	1.011	0.3618	1.037	1.004	0.3667	1.02	1.361	0.9194	1.2705	0.487	0.4084	0.7715	0.8906	0.3958	1.079	1.21	0.647	1.44	1.214	0.6514	1.439	1.569	1.322	1.657	0.9683	0.512	1.093	0.5986	0.3755	0.782	0.7974	0.4773	0.892	0.7847	0.4895	0.85	1.036	0.9536	1.11	0.619	0.777	0.9214	1.324	2.857	1.543	0.606	2.19	0.7744	0.607	2.19	0.778	0.703	1.458	0.757	2.441	3.672	2.504	0.963	0.753	1.272	1.185	0.7207	1.446	1.193	0.72	1.452	1.411	1.031	1.559	0.684	1.057	1.131	3.213	4.074	2.406	2.32	3.012	1.339	2.389	3.01	1.435	1.659	2.312	1.274	4.387	5.28	3.223	1.126	2.291	1.126	0.4622	1.042	0.4622	0.455	1.025	0.455	0.815	0.5234	0.815	2.35	3.408	2.35	0.8203	0.6772	0.8203	1.215	0.5845	1.215	1.203	0.5845	1.203	1.407	1.022	1.407	0.796	0.9585	0.796	2.373	3.178	2.373	1.149	1.745	1.149	1.203	1.741	1.203	0.7964	0.9272	0.7964	4.2	4.96	4.2	inf	inf	inf	inf	inf	inf	inf	inf	inf	inf	inf	inf	inf	inf	inf	inf	inf	inf	inf	inf	inf	inf	inf	inf	inf	inf	inf	inf	inf	inf	inf	inf	inf	inf	inf	inf	inf	inf	inf	inf	inf	inf	inf	inf	inf	inf	inf	inf	inf	inf	inf	inf	inf	inf	inf	inf	inf	inf	inf	inf	inf	inf	inf	inf	inf	inf	inf	inf	inf	inf	inf	inf	inf	inf	inf	inf	inf	inf	inf	inf	inf	inf	inf	inf	inf	inf	inf	inf	inf	inf	inf	inf	inf	inf	inf	inf	inf	inf	inf	inf	inf	inf	inf	inf	inf	inf	inf	inf	inf	inf	inf	inf	inf	inf	inf	inf	inf	inf	inf	inf	inf	inf	inf	inf	inf	inf	inf	inf	inf	inf	inf	inf	inf	inf	inf
menzerath:a_any_VERB_same	0.663	0.6367	0.0	0.874	0.562	0.6914	0.8677	0.5586	0.6655	1.099	0.755	0.9893	0.6177	0.8916	0.428	0.9585	0.744	0.874	1.106	0.775	1.149	1.104	0.767	1.144	1.284	1.147	1.355	1.013	0.8555	0.884	0.4976	0.728	0.3728	0.609	0.628	0.4976	0.602	0.6265	0.4536	0.7593	0.8247	0.7812	0.6123	1.028	0.7295	1.695	3.273	1.537	0.9165	2.604	0.65	0.9233	2.602	0.6484	0.733	1.845	0.5796	2.809	4.117	2.566	1.121	1.152	1.365	1.258	1.014	1.384	1.26	1.0205	1.394	1.341	1.113	1.418	0.975	1.429	1.214	3.43	4.418	2.344	2.523	3.344	1.325	2.59	3.334	1.432	1.82	2.604	1.291	4.613	5.625	3.209	1.389	2.66	1.389	0.578	1.439	0.578	0.5854	1.425	0.5854	0.6694	0.9185	0.6694	2.596	3.744	2.596	0.9463	1.12	0.9463	1.199	0.821	1.199	1.186	0.8125	1.186	1.307	1.059	1.307	1.046	1.38	1.046	2.506	3.465	2.506	1.257	2.049	1.257	1.307	2.041	1.307	0.854	1.27	0.854	4.363	5.273	4.363	inf	inf	inf	inf	inf	inf	inf	inf	inf	inf	inf	inf	inf	inf	inf	inf	inf	inf	inf	inf	inf	inf	inf	inf	inf	inf	inf	inf	inf	inf	inf	inf	inf	inf	inf	inf	inf	inf	inf	inf	inf	inf	inf	inf	inf	inf	inf	inf	inf	inf	inf	inf	inf	inf	inf	inf	inf	inf	inf	inf	inf	inf	inf	inf	inf	inf	inf	inf	inf	inf	inf	inf	inf	inf	inf	inf	inf	inf	inf	inf	inf	inf	inf	inf	inf	inf	inf	inf	inf	inf	inf	inf	inf	inf	inf	inf	inf	inf	inf	inf	inf	inf	inf	inf	inf	inf	inf	inf	inf	inf	inf	inf	inf	inf	inf	inf	inf	inf	inf	inf	inf	inf	inf	inf	inf	inf	inf	inf	inf	inf	inf	inf	inf	inf	inf
menzerath:a_any_any_any	0.3677	1.011	0.874	0.0	0.666	0.2788	0.014496	0.6616	0.295	0.3389	0.4324	0.3306	0.6367	1.386	1.205	0.3843	0.787	0.5586	0.332	0.5464	0.5005	0.3289	0.5527	0.501	0.526	0.4648	0.599	0.4805	0.9277	0.727	0.696	1.293	1.204	0.4668	0.8843	0.603	0.4875	0.8857	0.6646	0.4233	0.715	0.6313	0.9844	1.691	1.545	2.266	3.842	2.277	1.371	3.174	1.043	1.387	3.174	1.091	0.6235	2.4	0.6655	3.412	4.664	3.307	0.664	1.568	0.778	0.5376	1.221	0.66	0.5444	1.23	0.669	0.5576	0.6943	0.643	1.153	1.942	1.119	4.08	5.047	3.115	3.172	3.967	2.0	3.244	3.959	2.125	2.45	3.23	1.907	5.273	6.242	3.996	1.966	3.27	1.966	0.7627	1.971	0.7627	0.796	1.962	0.796	0.382	1.204	0.382	3.258	4.36	3.258	0.619	1.467	0.619	0.4316	0.741	0.4316	0.4163	0.754	0.4163	0.5254	0.43	0.5254	1.205	1.834	1.205	3.186	4.086	3.186	1.822	2.648	1.822	1.888	2.639	1.888	1.261	1.702	1.261	5.04	5.86	5.04	inf	inf	inf	inf	inf	inf	inf	inf	inf	inf	inf	inf	inf	inf	inf	inf	inf	inf	inf	inf	inf	inf	inf	inf	inf	inf	inf	inf	inf	inf	inf	inf	inf	inf	inf	inf	inf	inf	inf	inf	inf	inf	inf	inf	inf	inf	inf	inf	inf	inf	inf	inf	inf	inf	inf	inf	inf	inf	inf	inf	inf	inf	inf	inf	inf	inf	inf	inf	inf	inf	inf	inf	inf	inf	inf	inf	inf	inf	inf	inf	inf	inf	inf	inf	inf	inf	inf	inf	inf	inf	inf	inf	inf	inf	inf	inf	inf	inf	inf	inf	inf	inf	inf	inf	inf	inf	inf	inf	inf	inf	inf	inf	inf	inf	inf	inf	inf	inf	inf	inf	inf	inf	inf	inf	inf	inf	inf	inf	inf	inf	inf	inf	inf	inf	inf
menzerath:a_any_any_content-phrase	0.3992	0.3618	0.562	0.666	0.0	0.6924	0.658	0.01767	0.6772	0.9966	0.5444	0.9004	0.4	0.7373	0.8145	0.704	0.4216	0.843	0.872	0.4358	1.099	0.8745	0.4417	1.098	1.201	0.9663	1.2705	0.8096	0.5884	0.897	0.5015	0.674	0.7964	0.4653	0.295	0.573	0.46	0.3079	0.5513	0.667	0.6206	0.747	0.672	1.07	1.062	1.643	3.201	1.748	0.7866	2.535	0.687	0.7974	2.533	0.71	0.5796	1.757	0.5474	2.77	4.016	2.736	0.8066	1.002	1.088	0.968	0.8384	1.138	0.978	0.8433	1.1455	1.108	0.9136	1.216	0.788	1.348	1.066	3.51	4.406	2.611	2.605	3.32	1.49	2.672	3.314	1.612	1.885	2.607	1.405	4.69	5.605	3.453	1.385	2.629	1.385	0.363	1.342	0.363	0.376	1.334	0.376	0.4897	0.6543	0.4897	2.672	3.748	2.672	0.7	0.927	0.7	0.9346	0.5596	0.9346	0.9194	0.5596	0.9194	1.085	0.765	1.085	0.898	1.279	0.898	2.645	3.473	2.645	1.347	2.027	1.347	1.407	2.02	1.407	0.861	1.142	0.861	4.49	5.266	4.49	inf	inf	inf	inf	inf	inf	inf	inf	inf	inf	inf	inf	inf	inf	inf	inf	inf	inf	inf	inf	inf	inf	inf	inf	inf	inf	inf	inf	inf	inf	inf	inf	inf	inf	inf	inf	inf	inf	inf	inf	inf	inf	inf	inf	inf	inf	inf	inf	inf	inf	inf	inf	inf	inf	inf	inf	inf	inf	inf	inf	inf	inf	inf	inf	inf	inf	inf	inf	inf	inf	inf	inf	inf	inf	inf	inf	inf	inf	inf	inf	inf	inf	inf	inf	inf	inf	inf	inf	inf	inf	inf	inf	inf	inf	inf	inf	inf	inf	inf	inf	inf	inf	inf	inf	inf	inf	inf	inf	inf	inf	inf	inf	inf	inf	inf	inf	inf	inf	inf	inf	inf	inf	inf	inf	inf	inf	inf	inf	inf	inf	inf	inf	inf	inf	inf
menzerath:a_any_any_same	0.5225	1.037	0.6914	0.2788	0.6924	0.0	0.2769	0.687	0.03787	0.413	0.435	0.255	0.7285	1.406	1.062	0.5107	0.8677	0.5503	0.4734	0.6836	0.4968	0.4705	0.6816	0.4934	0.587	0.5303	0.626	0.5938	1.02	0.7383	0.661	1.252	1.053	0.4626	0.854	0.4175	0.4783	0.8486	0.4797	0.4282	0.677	0.4756	0.9473	1.625	1.395	2.26	3.875	2.178	1.354	3.203	0.9346	1.369	3.201	0.981	0.643	2.414	0.5522	3.408	4.71	3.21	0.7734	1.594	0.8926	0.6714	1.259	0.7627	0.6763	1.273	0.771	0.683	0.8403	0.7207	1.219	1.966	1.194	4.04	5.047	3.004	3.123	3.957	1.868	3.193	3.947	1.993	2.373	3.195	1.783	5.207	6.23	3.88	1.95	3.262	1.95	0.7715	1.984	0.7715	0.8066	1.975	0.8066	0.4507	1.27	0.4507	3.201	4.344	3.201	0.722	1.488	0.722	0.5674	0.8394	0.5674	0.554	0.843	0.554	0.643	0.573	0.643	1.254	1.853	1.254	3.121	4.066	3.121	1.776	2.64	1.776	1.833	2.635	1.833	1.191	1.717	1.191	4.953	5.85	4.953	inf	inf	inf	inf	inf	inf	inf	inf	inf	inf	inf	inf	inf	inf	inf	inf	inf	inf	inf	inf	inf	inf	inf	inf	inf	inf	inf	inf	inf	inf	inf	inf	inf	inf	inf	inf	inf	inf	inf	inf	inf	inf	inf	inf	inf	inf	inf	inf	inf	inf	inf	inf	inf	inf	inf	inf	inf	inf	inf	inf	inf	inf	inf	inf	inf	inf	inf	inf	inf	inf	inf	inf	inf	inf	inf	inf	inf	inf	inf	inf	inf	inf	inf	inf	inf	inf	inf	inf	inf	inf	inf	inf	inf	inf	inf	inf	inf	inf	inf	inf	inf	inf	inf	inf	inf	inf	inf	inf	inf	inf	inf	inf	inf	inf	inf	inf	inf	inf	inf	inf	inf	inf	inf	inf	inf	inf	inf	inf	inf	inf	inf	inf	inf	inf	inf
menzerath:a_any_content_any	0.3596	1.004	0.8677	0.014496	0.658	0.2769	0.0	0.6543	0.2905	0.3477	0.4346	0.337	0.6284	1.379	1.199	0.3796	0.7812	0.5522	0.3342	0.5435	0.5044	0.3306	0.549	0.5044	0.5356	0.4753	0.608	0.4783	0.9224	0.7207	0.6934	1.287	1.198	0.4653	0.88	0.602	0.485	0.881	0.663	0.4255	0.7104	0.633	0.9824	1.687	1.539	2.258	3.834	2.271	1.363	3.166	1.04	1.378	3.166	1.086	0.621	2.393	0.6655	3.404	4.656	3.3	0.658	1.56	0.776	0.5376	1.213	0.662	0.543	1.223	0.671	0.56	0.693	0.649	1.146	1.935	1.112	4.07	5.04	3.11	3.166	3.96	1.998	3.238	3.953	2.123	2.447	3.227	1.906	5.266	6.234	3.99	1.958	3.262	1.958	0.758	1.962	0.758	0.7905	1.953	0.7905	0.3848	1.198	0.3848	3.25	4.35	3.25	0.614	1.459	0.614	0.4321	0.736	0.4321	0.4167	0.7485	0.4167	0.531	0.4346	0.531	1.197	1.826	1.197	3.18	4.08	3.18	1.821	2.643	1.821	1.883	2.633	1.883	1.262	1.7	1.262	5.03	5.85	5.03	inf	inf	inf	inf	inf	inf	inf	inf	inf	inf	inf	inf	inf	inf	inf	inf	inf	inf	inf	inf	inf	inf	inf	inf	inf	inf	inf	inf	inf	inf	inf	inf	inf	inf	inf	inf	inf	inf	inf	inf	inf	inf	inf	inf	inf	inf	inf	inf	inf	inf	inf	inf	inf	inf	inf	inf	inf	inf	inf	inf	inf	inf	inf	inf	inf	inf	inf	inf	inf	inf	inf	inf	inf	inf	inf	inf	inf	inf	inf	inf	inf	inf	inf	inf	inf	inf	inf	inf	inf	inf	inf	inf	inf	inf	inf	inf	inf	inf	inf	inf	inf	inf	inf	inf	inf	inf	inf	inf	inf	inf	inf	inf	inf	inf	inf	inf	inf	inf	inf	inf	inf	inf	inf	inf	inf	inf	inf	inf	inf	inf	inf	inf	inf	inf	inf
menzerath:a_any_content_content-phrase	0.3965	0.3667	0.5586	0.6616	0.01767	0.687	0.6543	0.0	0.6714	0.9927	0.537	0.895	0.403	0.742	0.8154	0.699	0.4255	0.8403	0.867	0.4407	1.093	0.8696	0.4453	1.093	1.196	0.9634	1.265	0.809	0.595	0.894	0.503	0.6772	0.796	0.4614	0.2986	0.566	0.4563	0.2996	0.545	0.661	0.612	0.7383	0.6733	1.074	1.0625	1.6455	3.207	1.749	0.7954	2.54	0.687	0.8057	2.54	0.708	0.583	1.762	0.543	2.773	4.023	2.738	0.8022	1.005	1.08	0.9653	0.844	1.134	0.9736	0.848	1.142	1.1045	0.915	1.211	0.7896	1.351	1.061	3.514	4.41	2.615	2.61	3.326	1.494	2.674	3.32	1.616	1.889	2.613	1.405	4.69	5.613	3.457	1.39	2.635	1.39	0.3645	1.348	0.3645	0.378	1.339	0.378	0.4868	0.659	0.4868	2.676	3.754	2.676	0.6953	0.931	0.6953	0.931	0.565	0.931	0.916	0.563	0.916	1.082	0.7627	1.082	0.901	1.285	0.901	2.648	3.477	2.648	1.352	2.031	1.352	1.412	2.023	1.412	0.865	1.1455	0.865	4.492	5.27	4.492	inf	inf	inf	inf	inf	inf	inf	inf	inf	inf	inf	inf	inf	inf	inf	inf	inf	inf	inf	inf	inf	inf	inf	inf	inf	inf	inf	inf	inf	inf	inf	inf	inf	inf	inf	inf	inf	inf	inf	inf	inf	inf	inf	inf	inf	inf	inf	inf	inf	inf	inf	inf	inf	inf	inf	inf	inf	inf	inf	inf	inf	inf	inf	inf	inf	inf	inf	inf	inf	inf	inf	inf	inf	inf	inf	inf	inf	inf	inf	inf	inf	inf	inf	inf	inf	inf	inf	inf	inf	inf	inf	inf	inf	inf	inf	inf	inf	inf	inf	inf	inf	inf	inf	inf	inf	inf	inf	inf	inf	inf	inf	inf	inf	inf	inf	inf	inf	inf	inf	inf	inf	inf	inf	inf	inf	inf	inf	inf	inf	inf	inf	inf	inf	inf	inf
menzerath:a_any_content_same	0.5156	1.02	0.6655	0.295	0.6772	0.03787	0.2905	0.6714	0.0	0.4382	0.4404	0.275	0.7183	1.39	1.044	0.5166	0.8516	0.549	0.496	0.6772	0.5195	0.4949	0.674	0.514	0.615	0.553	0.6436	0.598	1.004	0.7373	0.6445	1.232	1.024	0.457	0.839	0.4028	0.4697	0.83	0.4553	0.4292	0.668	0.4722	0.9316	1.605	1.376	2.24	3.855	2.156	1.333	3.182	0.918	1.349	3.182	0.962	0.6416	2.4	0.546	3.389	4.688	3.19	0.7686	1.575	0.9014	0.6885	1.244	0.783	0.6934	1.259	0.7915	0.707	0.8486	0.7456	1.199	1.948	1.183	4.02	5.023	2.98	3.107	3.936	1.854	3.174	3.926	1.974	2.363	3.182	1.771	5.188	6.207	3.86	1.931	3.242	1.931	0.7603	1.965	0.7603	0.793	1.954	0.793	0.4512	1.262	0.4512	3.182	4.324	3.182	0.723	1.475	0.723	0.589	0.8335	0.589	0.5747	0.837	0.5747	0.667	0.586	0.667	1.243	1.838	1.243	3.102	4.047	3.102	1.761	2.621	1.761	1.814	2.613	1.814	1.184	1.703	1.184	4.934	5.832	4.934	inf	inf	inf	inf	inf	inf	inf	inf	inf	inf	inf	inf	inf	inf	inf	inf	inf	inf	inf	inf	inf	inf	inf	inf	inf	inf	inf	inf	inf	inf	inf	inf	inf	inf	inf	inf	inf	inf	inf	inf	inf	inf	inf	inf	inf	inf	inf	inf	inf	inf	inf	inf	inf	inf	inf	inf	inf	inf	inf	inf	inf	inf	inf	inf	inf	inf	inf	inf	inf	inf	inf	inf	inf	inf	inf	inf	inf	inf	inf	inf	inf	inf	inf	inf	inf	inf	inf	inf	inf	inf	inf	inf	inf	inf	inf	inf	inf	inf	inf	inf	inf	inf	inf	inf	inf	inf	inf	inf	inf	inf	inf	inf	inf	inf	inf	inf	inf	inf	inf	inf	inf	inf	inf	inf	inf	inf	inf	inf	inf	inf	inf	inf	inf	inf	inf
menzerath:a_any_nominal_any	0.7188	1.361	1.099	0.3389	0.9966	0.413	0.3477	0.9927	0.4382	0.0	0.556	0.2378	0.985	1.744	1.45	0.565	1.114	0.663	0.291	0.8213	0.2854	0.2922	0.832	0.2837	0.2299	0.3245	0.3035	0.6587	1.263	0.8706	0.9214	1.595	1.426	0.662	1.163	0.798	0.683	1.154	0.858	0.4746	0.889	0.72	1.224	1.996	1.785	2.629	4.28	2.596	1.702	3.59	1.325	1.718	3.588	1.369	0.888	2.725	0.885	3.83	5.15	3.666	0.867	1.935	0.8374	0.5195	1.561	0.5566	0.5264	1.574	0.555	0.3896	0.8545	0.4434	1.476	2.33	1.367	4.39	5.42	3.395	3.48	4.316	2.244	3.553	4.305	2.363	2.697	3.518	2.121	5.594	6.613	4.297	2.248	3.594	2.248	1.068	2.33	1.068	1.103	2.316	1.103	0.5796	1.565	0.5796	3.541	4.703	3.541	0.8394	1.802	0.8394	0.3362	1.056	0.3362	0.3345	1.0625	0.3345	0.3496	0.498	0.3496	1.509	2.18	1.509	3.45	4.414	3.45	2.117	3.0	2.117	2.174	2.986	2.174	1.479	2.047	1.479	5.348	6.24	5.348	inf	inf	inf	inf	inf	inf	inf	inf	inf	inf	inf	inf	inf	inf	inf	inf	inf	inf	inf	inf	inf	inf	inf	inf	inf	inf	inf	inf	inf	inf	inf	inf	inf	inf	inf	inf	inf	inf	inf	inf	inf	inf	inf	inf	inf	inf	inf	inf	inf	inf	inf	inf	inf	inf	inf	inf	inf	inf	inf	inf	inf	inf	inf	inf	inf	inf	inf	inf	inf	inf	inf	inf	inf	inf	inf	inf	inf	inf	inf	inf	inf	inf	inf	inf	inf	inf	inf	inf	inf	inf	inf	inf	inf	inf	inf	inf	inf	inf	inf	inf	inf	inf	inf	inf	inf	inf	inf	inf	inf	inf	inf	inf	inf	inf	inf	inf	inf	inf	inf	inf	inf	inf	inf	inf	inf	inf	inf	inf	inf	inf	inf	inf	inf	inf	inf
menzerath:a_any_nominal_content-phrase	0.5376	0.9194	0.755	0.4324	0.5444	0.435	0.4346	0.537	0.4404	0.556	0.0	0.4875	0.7065	1.254	1.104	0.6577	0.7886	0.7456	0.6733	0.631	0.7373	0.677	0.6396	0.7373	0.753	0.5933	0.8076	0.768	0.9414	0.8906	0.7065	1.149	1.075	0.457	0.675	0.4915	0.474	0.667	0.5264	0.3118	0.3645	0.4294	0.9033	1.497	1.358	2.129	3.775	2.14	1.229	3.078	0.913	1.242	3.076	0.952	0.673	2.191	0.6	3.314	4.652	3.197	0.772	1.456	0.9434	0.8076	1.173	0.915	0.8154	1.183	0.924	0.839	0.9155	0.905	1.121	1.826	1.178	3.97	4.895	2.969	3.04	3.781	1.789	3.111	3.77	1.906	2.242	2.988	1.677	5.176	6.1	3.84	1.807	3.082	1.807	0.6875	1.825	0.6875	0.719	1.807	0.719	0.3545	1.084	0.3545	3.088	4.23	3.088	0.705	1.382	0.705	0.7104	0.7583	0.7104	0.697	0.756	0.697	0.816	0.618	0.816	1.214	1.783	1.214	3.025	3.934	3.025	1.7	2.492	1.7	1.755	2.47	1.755	1.108	1.532	1.108	4.938	5.793	4.938	inf	inf	inf	inf	inf	inf	inf	inf	inf	inf	inf	inf	inf	inf	inf	inf	inf	inf	inf	inf	inf	inf	inf	inf	inf	inf	inf	inf	inf	inf	inf	inf	inf	inf	inf	inf	inf	inf	inf	inf	inf	inf	inf	inf	inf	inf	inf	inf	inf	inf	inf	inf	inf	inf	inf	inf	inf	inf	inf	inf	inf	inf	inf	inf	inf	inf	inf	inf	inf	inf	inf	inf	inf	inf	inf	inf	inf	inf	inf	inf	inf	inf	inf	inf	inf	inf	inf	inf	inf	inf	inf	inf	inf	inf	inf	inf	inf	inf	inf	inf	inf	inf	inf	inf	inf	inf	inf	inf	inf	inf	inf	inf	inf	inf	inf	inf	inf	inf	inf	inf	inf	inf	inf	inf	inf	inf	inf	inf	inf	inf	inf	inf	inf	inf	inf
menzerath:a_any_nominal_same	0.682	1.2705	0.9893	0.3306	0.9004	0.255	0.337	0.895	0.275	0.2378	0.4875	0.0	0.9478	1.67	1.371	0.5513	1.005	0.641	0.394	0.745	0.368	0.394	0.744	0.3635	0.4028	0.4304	0.4045	0.663	1.181	0.8657	0.859	1.506	1.341	0.601	1.059	0.6597	0.6177	1.047	0.7183	0.4421	0.769	0.5254	1.174	1.882	1.672	2.578	4.273	2.527	1.613	3.559	1.199	1.63	3.559	1.244	0.7695	2.65	0.7275	3.8	5.164	3.602	0.834	1.87	0.8794	0.6055	1.495	0.658	0.6084	1.513	0.661	0.523	0.9062	0.547	1.406	2.285	1.323	4.426	5.395	3.354	3.465	4.26	2.156	3.54	4.25	2.281	2.615	3.455	1.965	5.64	6.605	4.207	2.195	3.576	2.195	0.993	2.271	0.993	1.029	2.256	1.029	0.534	1.494	0.534	3.53	4.734	3.53	0.7905	1.734	0.7905	0.4182	0.9863	0.4182	0.4077	0.99	0.4077	0.4846	0.5454	0.4846	1.425	2.13	1.425	3.438	4.41	3.438	2.07	2.945	2.07	2.129	2.94	2.129	1.419	1.982	1.419	5.39	6.32	5.39	inf	inf	inf	inf	inf	inf	inf	inf	inf	inf	inf	inf	inf	inf	inf	inf	inf	inf	inf	inf	inf	inf	inf	inf	inf	inf	inf	inf	inf	inf	inf	inf	inf	inf	inf	inf	inf	inf	inf	inf	inf	inf	inf	inf	inf	inf	inf	inf	inf	inf	inf	inf	inf	inf	inf	inf	inf	inf	inf	inf	inf	inf	inf	inf	inf	inf	inf	inf	inf	inf	inf	inf	inf	inf	inf	inf	inf	inf	inf	inf	inf	inf	inf	inf	inf	inf	inf	inf	inf	inf	inf	inf	inf	inf	inf	inf	inf	inf	inf	inf	inf	inf	inf	inf	inf	inf	inf	inf	inf	inf	inf	inf	inf	inf	inf	inf	inf	inf	inf	inf	inf	inf	inf	inf	inf	inf	inf	inf	inf	inf	inf	inf	inf	inf	inf
menzerath:a_any_root_any	0.296	0.487	0.6177	0.6367	0.4	0.7285	0.6284	0.403	0.7183	0.985	0.7065	0.9478	0.0	0.7964	0.875	0.6226	0.4678	0.8047	0.8726	0.5645	1.111	0.872	0.5645	1.111	1.187	1.054	1.298	0.655	0.5493	0.847	0.4172	0.79	0.87	0.4612	0.5835	0.699	0.4553	0.594	0.694	0.675	0.82	0.878	0.594	1.173	1.158	1.7	3.223	1.876	0.865	2.564	0.795	0.875	2.562	0.815	0.578	1.83	0.624	2.826	4.04	2.87	0.7593	1.009	1.111	0.922	0.849	1.171	0.929	0.846	1.18	1.074	0.8413	1.238	0.765	1.354	1.074	3.557	4.438	2.697	2.672	3.393	1.603	2.742	3.39	1.726	2.03	2.67	1.545	4.73	5.63	3.555	1.452	2.668	1.452	0.499	1.4	0.499	0.5186	1.388	0.5186	0.574	0.7544	0.574	2.676	3.768	2.676	0.67	0.98	0.67	0.9253	0.582	0.9253	0.914	0.5728	0.914	1.076	0.7627	1.076	0.8164	1.28	0.8164	2.705	3.547	2.705	1.436	2.1	1.436	1.494	2.096	1.494	1.005	1.23	1.005	4.543	5.28	4.543	inf	inf	inf	inf	inf	inf	inf	inf	inf	inf	inf	inf	inf	inf	inf	inf	inf	inf	inf	inf	inf	inf	inf	inf	inf	inf	inf	inf	inf	inf	inf	inf	inf	inf	inf	inf	inf	inf	inf	inf	inf	inf	inf	inf	inf	inf	inf	inf	inf	inf	inf	inf	inf	inf	inf	inf	inf	inf	inf	inf	inf	inf	inf	inf	inf	inf	inf	inf	inf	inf	inf	inf	inf	inf	inf	inf	inf	inf	inf	inf	inf	inf	inf	inf	inf	inf	inf	inf	inf	inf	inf	inf	inf	inf	inf	inf	inf	inf	inf	inf	inf	inf	inf	inf	inf	inf	inf	inf	inf	inf	inf	inf	inf	inf	inf	inf	inf	inf	inf	inf	inf	inf	inf	inf	inf	inf	inf	inf	inf	inf	inf	inf	inf	inf	inf
menzerath:a_any_root_content-phrase	1.034	0.4084	0.8916	1.386	0.7373	1.406	1.379	0.742	1.39	1.744	1.254	1.67	0.7964	0.0	0.82	1.271	0.7417	1.408	1.596	1.002	1.821	1.604	1.011	1.821	1.966	1.724	2.068	1.173	0.5884	1.3545	0.9385	0.4788	0.9287	1.16	0.7334	1.174	1.147	0.742	1.126	1.388	1.244	1.423	0.738	0.4502	0.9126	1.125	2.52	1.392	0.674	1.933	0.964	0.6743	1.931	0.9604	1.011	1.299	1.086	2.13	3.305	2.326	1.237	0.7007	1.592	1.524	0.8496	1.819	1.535	0.8447	1.823	1.796	1.334	1.965	0.7754	0.836	1.333	2.959	3.719	2.22	2.102	2.697	1.267	2.17	2.695	1.342	1.537	2.057	1.288	4.062	4.918	3.027	0.999	1.981	0.999	0.7573	0.897	0.7573	0.74	0.88	0.74	1.194	0.6626	1.194	2.04	3.055	2.04	1.111	0.6997	1.111	1.602	0.903	1.602	1.59	0.8906	1.59	1.793	1.385	1.793	0.8667	0.7866	0.8667	2.135	2.87	2.135	1.071	1.473	1.071	1.122	1.474	1.122	0.91	0.8667	0.91	3.918	4.637	3.918	inf	inf	inf	inf	inf	inf	inf	inf	inf	inf	inf	inf	inf	inf	inf	inf	inf	inf	inf	inf	inf	inf	inf	inf	inf	inf	inf	inf	inf	inf	inf	inf	inf	inf	inf	inf	inf	inf	inf	inf	inf	inf	inf	inf	inf	inf	inf	inf	inf	inf	inf	inf	inf	inf	inf	inf	inf	inf	inf	inf	inf	inf	inf	inf	inf	inf	inf	inf	inf	inf	inf	inf	inf	inf	inf	inf	inf	inf	inf	inf	inf	inf	inf	inf	inf	inf	inf	inf	inf	inf	inf	inf	inf	inf	inf	inf	inf	inf	inf	inf	inf	inf	inf	inf	inf	inf	inf	inf	inf	inf	inf	inf	inf	inf	inf	inf	inf	inf	inf	inf	inf	inf	inf	inf	inf	inf	inf	inf	inf	inf	inf	inf	inf	inf	inf
menzerath:a_any_root_same	0.9727	0.7715	0.428	1.205	0.8145	1.062	1.199	0.8154	1.044	1.45	1.104	1.371	0.875	0.82	0.0	1.281	0.9575	1.236	1.445	1.052	1.518	1.44	1.043	1.514	1.643	1.54	1.766	1.337	1.026	1.103	0.7817	0.813	0.4033	0.924	0.8423	0.7754	0.914	0.8438	0.734	1.1	1.106	1.084	0.7334	0.872	0.3545	1.458	2.965	1.344	0.863	2.318	0.7754	0.8667	2.309	0.774	0.9844	1.662	0.895	2.459	3.744	2.203	1.449	1.211	1.706	1.602	1.18	1.736	1.6045	1.179	1.745	1.7	1.387	1.803	1.17	1.359	1.423	3.121	4.023	2.078	2.248	2.979	1.156	2.309	2.97	1.245	1.615	2.324	1.157	4.242	5.2	2.816	1.263	2.396	1.263	0.741	1.316	0.741	0.747	1.304	0.747	0.976	0.9844	0.976	2.271	3.395	2.271	1.245	1.191	1.245	1.546	1.036	1.546	1.533	1.0205	1.533	1.659	1.366	1.659	1.192	1.353	1.192	2.246	3.139	2.246	1.133	1.838	1.133	1.182	1.852	1.182	0.9224	1.22	0.9224	4.004	4.914	4.004	inf	inf	inf	inf	inf	inf	inf	inf	inf	inf	inf	inf	inf	inf	inf	inf	inf	inf	inf	inf	inf	inf	inf	inf	inf	inf	inf	inf	inf	inf	inf	inf	inf	inf	inf	inf	inf	inf	inf	inf	inf	inf	inf	inf	inf	inf	inf	inf	inf	inf	inf	inf	inf	inf	inf	inf	inf	inf	inf	inf	inf	inf	inf	inf	inf	inf	inf	inf	inf	inf	inf	inf	inf	inf	inf	inf	inf	inf	inf	inf	inf	inf	inf	inf	inf	inf	inf	inf	inf	inf	inf	inf	inf	inf	inf	inf	inf	inf	inf	inf	inf	inf	inf	inf	inf	inf	inf	inf	inf	inf	inf	inf	inf	inf	inf	inf	inf	inf	inf	inf	inf	inf	inf	inf	inf	inf	inf	inf	inf	inf	inf	inf	inf	inf	inf
menzerath:a_left_VERB_any	0.4326	0.8906	0.9585	0.3843	0.704	0.5107	0.3796	0.699	0.5166	0.565	0.6577	0.5513	0.6226	1.271	1.281	0.0	0.628	0.4844	0.3616	0.549	0.5933	0.3582	0.542	0.593	0.687	0.6445	0.762	0.2654	0.818	0.6475	0.9067	1.288	1.303	0.7534	0.9395	0.7583	0.7705	0.943	0.8096	0.6973	0.896	0.812	1.175	1.662	1.611	2.16	3.738	2.31	1.322	3.07	1.128	1.328	3.066	1.175	0.6826	2.344	0.7812	3.281	4.566	3.3	0.5522	1.44	0.6333	0.482	1.1455	0.666	0.4841	1.1455	0.674	0.5537	0.6675	0.696	1.04	1.836	1.015	4.074	5.02	3.201	3.182	3.936	2.082	3.254	3.934	2.21	2.469	3.217	1.97	5.234	6.227	4.02	1.899	3.162	1.899	0.8345	1.891	0.8345	0.864	1.873	0.864	0.5713	1.2	0.5713	3.135	4.258	3.135	0.4514	1.318	0.4514	0.4287	0.668	0.4287	0.417	0.6753	0.417	0.5728	0.4727	0.5728	1.047	1.696	1.047	3.203	4.07	3.203	1.938	2.613	1.938	1.997	2.61	1.997	1.405	1.701	1.405	5.008	5.84	5.008	inf	inf	inf	inf	inf	inf	inf	inf	inf	inf	inf	inf	inf	inf	inf	inf	inf	inf	inf	inf	inf	inf	inf	inf	inf	inf	inf	inf	inf	inf	inf	inf	inf	inf	inf	inf	inf	inf	inf	inf	inf	inf	inf	inf	inf	inf	inf	inf	inf	inf	inf	inf	inf	inf	inf	inf	inf	inf	inf	inf	inf	inf	inf	inf	inf	inf	inf	inf	inf	inf	inf	inf	inf	inf	inf	inf	inf	inf	inf	inf	inf	inf	inf	inf	inf	inf	inf	inf	inf	inf	inf	inf	inf	inf	inf	inf	inf	inf	inf	inf	inf	inf	inf	inf	inf	inf	inf	inf	inf	inf	inf	inf	inf	inf	inf	inf	inf	inf	inf	inf	inf	inf	inf	inf	inf	inf	inf	inf	inf	inf	inf	inf	inf	inf	inf
menzerath:a_left_VERB_content-phrase	0.4976	0.3958	0.744	0.787	0.4216	0.8677	0.7812	0.4255	0.8516	1.114	0.7886	1.005	0.4678	0.7417	0.9575	0.628	0.0	0.8037	0.944	0.301	1.12	0.94	0.2954	1.121	1.295	1.029	1.329	0.739	0.3035	0.8936	0.7104	0.813	0.9873	0.747	0.661	0.8496	0.7476	0.674	0.8286	0.907	0.9507	0.9883	0.8623	1.157	1.186	1.6455	3.172	1.84	0.8867	2.506	0.925	0.89	2.508	0.938	0.6523	1.778	0.767	2.777	3.97	2.727	0.7544	1.027	0.9785	0.9346	0.83	1.156	0.935	0.8306	1.163	1.124	0.8374	1.255	0.759	1.402	0.921	3.59	4.426	2.732	2.676	3.348	1.658	2.75	3.35	1.763	1.9795	2.672	1.556	4.76	5.64	3.492	1.497	2.621	1.497	0.6084	1.372	0.6084	0.614	1.357	0.614	0.656	0.7695	0.656	2.688	3.754	2.688	0.6216	0.825	0.6216	0.946	0.453	0.946	0.9326	0.4526	0.9326	1.143	0.798	1.143	0.7954	1.187	0.7954	2.719	3.521	2.719	1.501	2.088	1.501	1.558	2.086	1.558	1.06	1.248	1.06	4.566	5.344	4.566	inf	inf	inf	inf	inf	inf	inf	inf	inf	inf	inf	inf	inf	inf	inf	inf	inf	inf	inf	inf	inf	inf	inf	inf	inf	inf	inf	inf	inf	inf	inf	inf	inf	inf	inf	inf	inf	inf	inf	inf	inf	inf	inf	inf	inf	inf	inf	inf	inf	inf	inf	inf	inf	inf	inf	inf	inf	inf	inf	inf	inf	inf	inf	inf	inf	inf	inf	inf	inf	inf	inf	inf	inf	inf	inf	inf	inf	inf	inf	inf	inf	inf	inf	inf	inf	inf	inf	inf	inf	inf	inf	inf	inf	inf	inf	inf	inf	inf	inf	inf	inf	inf	inf	inf	inf	inf	inf	inf	inf	inf	inf	inf	inf	inf	inf	inf	inf	inf	inf	inf	inf	inf	inf	inf	inf	inf	inf	inf	inf	inf	inf	inf	inf	inf	inf
menzerath:a_left_VERB_same	0.6123	1.079	0.874	0.5586	0.843	0.5503	0.5522	0.8403	0.549	0.663	0.7456	0.641	0.8047	1.408	1.236	0.4844	0.8037	0.0	0.591	0.7163	0.5747	0.5894	0.71	0.573	0.783	0.764	0.8496	0.5596	0.9194	0.416	0.9263	1.345	1.294	0.77	1.057	0.787	0.787	1.058	0.8364	0.735	0.986	0.8438	1.199	1.695	1.637	2.352	3.967	2.33	1.447	3.283	1.149	1.45	3.281	1.194	0.7744	2.535	0.8477	3.494	4.824	3.373	0.79	1.577	0.866	0.7363	1.249	0.848	0.7393	1.254	0.853	0.7593	0.917	0.8506	1.185	1.974	1.176	4.277	5.145	3.225	3.367	4.11	2.111	3.436	4.1	2.248	2.61	3.416	2.055	5.434	6.4	4.094	2.047	3.293	2.047	0.9497	2.078	0.9497	0.9785	2.059	0.9785	0.6343	1.382	0.6343	3.262	4.426	3.262	0.6606	1.465	0.6606	0.643	0.8584	0.643	0.636	0.864	0.636	0.729	0.725	0.729	1.191	1.796	1.191	3.326	4.19	3.326	2.025	2.752	2.025	2.092	2.742	2.092	1.454	1.8545	1.454	5.17	6.066	5.17	inf	inf	inf	inf	inf	inf	inf	inf	inf	inf	inf	inf	inf	inf	inf	inf	inf	inf	inf	inf	inf	inf	inf	inf	inf	inf	inf	inf	inf	inf	inf	inf	inf	inf	inf	inf	inf	inf	inf	inf	inf	inf	inf	inf	inf	inf	inf	inf	inf	inf	inf	inf	inf	inf	inf	inf	inf	inf	inf	inf	inf	inf	inf	inf	inf	inf	inf	inf	inf	inf	inf	inf	inf	inf	inf	inf	inf	inf	inf	inf	inf	inf	inf	inf	inf	inf	inf	inf	inf	inf	inf	inf	inf	inf	inf	inf	inf	inf	inf	inf	inf	inf	inf	inf	inf	inf	inf	inf	inf	inf	inf	inf	inf	inf	inf	inf	inf	inf	inf	inf	inf	inf	inf	inf	inf	inf	inf	inf	inf	inf	inf	inf	inf	inf	inf
menzerath:a_left_any_any	0.616	1.21	1.106	0.332	0.872	0.4734	0.3342	0.867	0.496	0.291	0.6733	0.394	0.8726	1.596	1.445	0.3616	0.944	0.591	0.0	0.666	0.2598	0.009834	0.667	0.2634	0.3083	0.3796	0.3936	0.461	1.105	0.76	1.023	1.557	1.462	0.808	1.15	0.853	0.8286	1.152	0.914	0.6914	0.959	0.842	1.308	1.928	1.802	2.463	4.055	2.523	1.57	3.389	1.28	1.579	3.387	1.33	0.807	2.623	0.8843	3.588	4.875	3.527	0.73	1.775	0.7144	0.3877	1.419	0.407	0.3928	1.434	0.4126	0.2847	0.729	0.3708	1.309	2.148	1.215	4.33	5.3	3.396	3.426	4.207	2.262	3.494	4.2	2.39	2.674	3.48	2.152	5.49	6.492	4.24	2.178	3.48	2.178	1.01	2.182	1.01	1.044	2.172	1.044	0.6167	1.442	0.6167	3.44	4.57	3.44	0.6973	1.656	0.6973	0.2281	0.899	0.2281	0.2242	0.9126	0.2242	0.2659	0.4292	0.2659	1.3545	2.037	1.3545	3.445	4.32	3.445	2.115	2.879	2.115	2.178	2.873	2.178	1.556	1.961	1.556	5.25	6.09	5.25	inf	inf	inf	inf	inf	inf	inf	inf	inf	inf	inf	inf	inf	inf	inf	inf	inf	inf	inf	inf	inf	inf	inf	inf	inf	inf	inf	inf	inf	inf	inf	inf	inf	inf	inf	inf	inf	inf	inf	inf	inf	inf	inf	inf	inf	inf	inf	inf	inf	inf	inf	inf	inf	inf	inf	inf	inf	inf	inf	inf	inf	inf	inf	inf	inf	inf	inf	inf	inf	inf	inf	inf	inf	inf	inf	inf	inf	inf	inf	inf	inf	inf	inf	inf	inf	inf	inf	inf	inf	inf	inf	inf	inf	inf	inf	inf	inf	inf	inf	inf	inf	inf	inf	inf	inf	inf	inf	inf	inf	inf	inf	inf	inf	inf	inf	inf	inf	inf	inf	inf	inf	inf	inf	inf	inf	inf	inf	inf	inf	inf	inf	inf	inf	inf	inf
menzerath:a_left_any_content-phrase	0.4358	0.647	0.775	0.5464	0.4358	0.6836	0.5435	0.4407	0.6772	0.8213	0.631	0.745	0.5645	1.002	1.052	0.549	0.301	0.7163	0.666	0.0	0.849	0.67	0.01906	0.8477	0.996	0.696	1.018	0.6353	0.4766	0.793	0.712	1.006	1.062	0.6724	0.7466	0.774	0.678	0.756	0.7695	0.785	0.8867	0.868	0.929	1.363	1.328	1.885	3.428	1.965	1.049	2.77	0.9336	1.056	2.768	0.952	0.599	2.02	0.7227	3.012	4.227	2.936	0.7026	1.237	0.8784	0.788	0.927	0.9214	0.797	0.9326	0.93	0.901	0.7026	0.9854	0.9077	1.607	0.9736	3.768	4.625	2.855	2.857	3.553	1.736	2.926	3.547	1.856	2.146	2.875	1.659	4.934	5.824	3.674	1.677	2.879	1.677	0.661	1.594	0.661	0.682	1.59	0.682	0.568	0.947	0.568	2.93	3.996	2.93	0.699	1.117	0.699	0.737	0.511	0.737	0.7246	0.519	0.7246	0.891	0.6206	0.891	1.007	1.477	1.007	2.895	3.707	2.895	1.617	2.283	1.617	1.679	2.281	1.679	1.158	1.442	1.158	4.73	5.508	4.73	inf	inf	inf	inf	inf	inf	inf	inf	inf	inf	inf	inf	inf	inf	inf	inf	inf	inf	inf	inf	inf	inf	inf	inf	inf	inf	inf	inf	inf	inf	inf	inf	inf	inf	inf	inf	inf	inf	inf	inf	inf	inf	inf	inf	inf	inf	inf	inf	inf	inf	inf	inf	inf	inf	inf	inf	inf	inf	inf	inf	inf	inf	inf	inf	inf	inf	inf	inf	inf	inf	inf	inf	inf	inf	inf	inf	inf	inf	inf	inf	inf	inf	inf	inf	inf	inf	inf	inf	inf	inf	inf	inf	inf	inf	inf	inf	inf	inf	inf	inf	inf	inf	inf	inf	inf	inf	inf	inf	inf	inf	inf	inf	inf	inf	inf	inf	inf	inf	inf	inf	inf	inf	inf	inf	inf	inf	inf	inf	inf	inf	inf	inf	inf	inf	inf
menzerath:a_left_any_same	0.842	1.44	1.149	0.5005	1.099	0.4968	0.5044	1.093	0.5195	0.2854	0.7373	0.368	1.111	1.821	1.518	0.5933	1.12	0.5747	0.2598	0.849	0.0	0.2612	0.844	0.0122	0.2214	0.3875	0.2233	0.697	1.303	0.8115	1.113	1.726	1.552	0.878	1.312	0.939	0.8984	1.306	1.001	0.7056	1.052	0.875	1.413	2.107	1.901	2.713	4.34	2.637	1.794	3.648	1.399	1.802	3.646	1.439	0.9907	2.889	0.9863	3.883	5.188	3.666	0.9126	1.991	0.788	0.5474	1.637	0.4143	0.55	1.641	0.417	0.3333	0.9087	0.36	1.528	2.4	1.316	4.582	5.562	3.506	3.645	4.434	2.379	3.709	4.42	2.504	2.848	3.705	2.258	5.76	6.773	4.383	2.389	3.719	2.389	1.199	2.426	1.199	1.234	2.414	1.234	0.7383	1.688	0.7383	3.668	4.836	3.668	0.8784	1.862	0.8784	0.351	1.109	0.351	0.3533	1.117	0.3533	0.2908	0.591	0.2908	1.545	2.252	1.545	3.62	4.547	3.62	2.285	3.111	2.285	2.342	3.088	2.342	1.665	2.16	1.665	5.496	6.383	5.496	inf	inf	inf	inf	inf	inf	inf	inf	inf	inf	inf	inf	inf	inf	inf	inf	inf	inf	inf	inf	inf	inf	inf	inf	inf	inf	inf	inf	inf	inf	inf	inf	inf	inf	inf	inf	inf	inf	inf	inf	inf	inf	inf	inf	inf	inf	inf	inf	inf	inf	inf	inf	inf	inf	inf	inf	inf	inf	inf	inf	inf	inf	inf	inf	inf	inf	inf	inf	inf	inf	inf	inf	inf	inf	inf	inf	inf	inf	inf	inf	inf	inf	inf	inf	inf	inf	inf	inf	inf	inf	inf	inf	inf	inf	inf	inf	inf	inf	inf	inf	inf	inf	inf	inf	inf	inf	inf	inf	inf	inf	inf	inf	inf	inf	inf	inf	inf	inf	inf	inf	inf	inf	inf	inf	inf	inf	inf	inf	inf	inf	inf	inf	inf	inf	inf
menzerath:a_left_content_any	0.614	1.214	1.104	0.3289	0.8745	0.4705	0.3306	0.8696	0.4949	0.2922	0.677	0.394	0.872	1.604	1.44	0.3582	0.94	0.5894	0.009834	0.67	0.2612	0.0	0.665	0.2637	0.311	0.383	0.3955	0.4636	1.111	0.756	1.024	1.565	1.459	0.8086	1.155	0.8555	0.829	1.156	0.916	0.6934	0.964	0.845	1.311	1.939	1.798	2.475	4.08	2.521	1.576	3.406	1.287	1.585	3.404	1.338	0.811	2.643	0.8877	3.61	4.906	3.523	0.7285	1.771	0.714	0.3875	1.426	0.4102	0.3906	1.43	0.4148	0.2869	0.7266	0.3743	1.316	2.162	1.213	4.36	5.336	3.393	3.45	4.23	2.275	3.52	4.23	2.406	2.693	3.512	2.166	5.527	6.54	4.234	2.188	3.502	2.188	1.015	2.191	1.015	1.049	2.184	1.049	0.621	1.447	0.621	3.459	4.598	3.459	0.695	1.661	0.695	0.2267	0.898	0.2267	0.2218	0.9116	0.2218	0.2686	0.4272	0.2686	1.3545	2.041	1.3545	3.469	4.35	3.469	2.13	2.896	2.13	2.195	2.89	2.195	1.565	1.971	1.565	5.285	6.133	5.285	inf	inf	inf	inf	inf	inf	inf	inf	inf	inf	inf	inf	inf	inf	inf	inf	inf	inf	inf	inf	inf	inf	inf	inf	inf	inf	inf	inf	inf	inf	inf	inf	inf	inf	inf	inf	inf	inf	inf	inf	inf	inf	inf	inf	inf	inf	inf	inf	inf	inf	inf	inf	inf	inf	inf	inf	inf	inf	inf	inf	inf	inf	inf	inf	inf	inf	inf	inf	inf	inf	inf	inf	inf	inf	inf	inf	inf	inf	inf	inf	inf	inf	inf	inf	inf	inf	inf	inf	inf	inf	inf	inf	inf	inf	inf	inf	inf	inf	inf	inf	inf	inf	inf	inf	inf	inf	inf	inf	inf	inf	inf	inf	inf	inf	inf	inf	inf	inf	inf	inf	inf	inf	inf	inf	inf	inf	inf	inf	inf	inf	inf	inf	inf	inf	inf
